- sat_name: GEO 1
  sat_num: 10001
  init_eci: [42164.1363, 0, 0, 0, 3.062961298812716, 0.26797439046475285]
- sat_name: International Space Station
  sat_num: 25544
  init_eci: [-2872.57438, 3128.21583, -5311.55207, -5.250942201, -5.547484592, -0.428942173]
